      | ID         | Check_ID                 | Failure_Instances   | Devices_Failed | Devices_Passed  |
      | 539        | CISC-ND-000010           | 1                   | 1              | 2               |
      | 543        | CISC-ND-000090           | 3                   | 3              | 0               |
      | 544        | CISC-ND-000100           | 3                   | 3              | 0               |
      | 545        | CISC-ND-000110           | 3                   | 3              | 0               |
      | 546        | CISC-ND-000120           | 3                   | 3              | 0               |
      | 547        | CISC-ND-000140           | 4                   | 3              | 0               |
      | 548        | CISC-ND-000150           | 3                   | 3              | 0               |
      | 549        | CISC-ND-000160           | 3                   | 3              | 0               |
      | 553        | CISC-ND-000210           | 4                   | 3              | 0               |
      | 555        | CISC-ND-000280           | 3                   | 3              | 0               |
      | 556        | CISC-ND-000290           | 0                   | 0              | 3               |
      | 557        | CISC-ND-000330           | 3                   | 3              | 0               |
      | 559        | CISC-ND-000380           | 0                   | 0              | 3               |
      | 560        | CISC-ND-000390           | 0                   | 0              | 3               |
      | 562        | CISC-ND-000460           | 0                   | 0              | 3               |
      | 563        | CISC-ND-000470           | 3                   | 3              | 0               |
      | 565        | CISC-ND-000490           | 3                   | 3              | 0               |
      | 570        | CISC-ND-000550           | 3                   | 3              | 0               |
      | 572        | CISC-ND-000570           | 3                   | 3              | 0               |
      | 573        | CISC-ND-000580           | 3                   | 3              | 0               |
      | 574        | CISC-ND-000590           | 3                   | 3              | 0               |
      | 575        | CISC-ND-000600           | 3                   | 3              | 0               |
      | 576        | CISC-ND-000610           | 3                   | 3              | 0               |
      | 577        | CISC-ND-000620           | 2                   | 2              | 1               |
      | 580        | CISC-ND-000720           | 0                   | 0              | 3               |
      | 586        | CISC-ND-000880           | 3                   | 3              | 0               |
      | 592        | CISC-ND-000980           | 2                   | 2              | 1               |
      | 594        | CISC-ND-001000           | 3                   | 3              | 0               |
      | 595        | CISC-ND-001030           | 3                   | 3              | 0               |
      | 602        | CISC-ND-001150           | 3                   | 3              | 0               |
      | 605        | CISC-ND-001200           | 0                   | 0              | 3               |
      | 606        | CISC-ND-001210           | 0                   | 0              | 3               |
      | 608        | CISC-ND-001250           | 3                   | 3              | 0               |
      | 609        | CISC-ND-001260           | 3                   | 3              | 0               |
      | 610        | CISC-ND-001270           | 3                   | 3              | 0               |
      | 616        | CISC-ND-001370           | 10                  | 3              | 0               |
      | 621        | CISC-ND-001450           | 3                   | 3              | 0               |
      | 628        | CISC-RT-000150           | 0                   | 0              | 3               |
      | 629        | CISC-RT-000160           | 0                   | 0              | 3               |
      | 630        | CISC-RT-000180           | 0                   | 0              | 3               |
      | 631        | CISC-RT-000200           | 0                   | 0              | 3               |
      | 632        | CISC-RT-000210           | 0                   | 0              | 3               |
      | 633        | CISC-RT-000220           | 0                   | 0              | 3               |
      | 634        | CISC-RT-000230           | 3                   | 3              | 0               |
      | 635        | CISC-RT-000240           | 3                   | 1              | 2               |
      | 636        | CISC-RT-000350           | 3                   | 3              | 0               |
      | 637        | CISC-RT-000380           | 21                  | 3              | 0               |
      | 638        | CISC-RT-000470           | 8                   | 2              | 1               |
      | 639        | CISC-RT-000480           | 16                  | 2              | 1               |
      | 640        | CISC-RT-000540           | 0                   | 0              | 3               |
      | 641        | CISC-RT-000560           | 8                   | 2              | 1               |
      | 642        | CISC-RT-000570           | 8                   | 2              | 1               |
      | 643        | CISC-RT-000580           | 0                   | 0              | 3               |
      | 644        | CISC-RT-000590           | 0                   | 0              | 3               |
      | 645        | CISC-RT-000600           | 2                   | 2              | 1               |
      | 646        | CISC-RT-000610           | 0                   | 0              | 3               |
      | 647        | CISC-RT-000620           | 3                   | 3              | 0               |
      | 648        | CISC-RT-000640           | 0                   | 0              | 3               |
      | 649        | CISC-RT-000650           | 0                   | 0              | 3               |
      | 650        | CISC-RT-000660           | 0                   | 0              | 3               |
      | 651        | CISC-RT-000750           | 3                   | 3              | 0               |
      | 652        | CISC-RT-000790           | 0                   | 0              | 3               |
      | 653        | CISC-RT-000800           | 0                   | 0              | 3               |
      | 654        | CISC-RT-000830           | 0                   | 0              | 3               |
      | 655        | CISC-RT-000840           | 0                   | 0              | 3               |
      | 656        | CISC-RT-000850           | 0                   | 0              | 3               |
      | 657        | CISC-RT-000880           | 21                  | 3              | 0               |
      | 658        | CISC-RT-000890           | 0                   | 0              | 3               |
      | 659        | CISC-RT-000910           | 0                   | 0              | 3               |
      | 660        | CISC-RT-000940           | 0                   | 0              | 3               |
      | 661        | CISC-RT-000950           | 0                   | 0              | 3               |
      | 662        | SRG-NET-000019-FW-000003 | 1                   | 1              | 0               |
      | 663        | SRG-NET-000074-FW-000009 | 1                   | 1              | 0               |
      | 664        | SRG-NET-000075-FW-000010 | 1                   | 1              | 0               |
      | 665        | SRG-NET-000076-FW-000011 | 1                   | 1              | 0               |
      | 666        | SRG-NET-000077-FW-000012 | 1                   | 1              | 0               |
      | 667        | SRG-NET-000078-FW-000013 | 1                   | 1              | 0               |
      | 669        | SRG-NET-000089-FW-000019 | 1                   | 1              | 0               |
      | 670        | SRG-NET-000098-FW-000021 | 2                   | 1              | 0               |
      | 672        | SRG-NET-000192-FW-000029 | 1                   | 1              | 0               |
      | 673        | SRG-NET-000193-FW-000030 | 1                   | 1              | 0               |
      | 674        | SRG-NET-000202-FW-000039 | 31                  | 1              | 0               |
      | 675        | SRG-NET-000333-FW-000014 | 0                   | 0              | 1               |
      | 676        | SRG-NET-000335-FW-000017 | 2                   | 1              | 0               |
      | 677        | SRG-NET-000362-FW-000028 | 1                   | 1              | 0               |
      | 681        | SRG-NET-000392-FW-000042 | 2                   | 1              | 0               |
      | 682        | SRG-NET-000492-FW-000006 | 13                  | 1              | 0               |
      | 683        | SRG-NET-000493-FW-000007 | 0                   | 0              | 1               |
      | 718        | CISC-L2-000040           | 0                   | 0              | 0               |
      | 721        | CISC-L2-000090           | 0                   | 0              | 0               |
      | 723        | CISC-L2-000110           | 0                   | 0              | 0               |
      | 724        | CISC-L2-000120           | 0                   | 0              | 0               |
      | 725        | CISC-L2-000130           | 0                   | 0              | 0               |
      | 726        | CISC-L2-000140           | 0                   | 0              | 0               |
      | 727        | CISC-L2-000150           | 0                   | 0              | 0               |
      | 728        | CISC-L2-000170           | 0                   | 0              | 0               |
      | 729        | CISC-L2-000260           | 0                   | 0              | 0               |
      | 730        | CISC-L2-000270           | 0                   | 0              | 0               |
      | 731        | CISC-ND-000010           | 0                   | 0              | 0               |
      | 732        | CISC-ND-000090           | 0                   | 0              | 0               |
      | 733        | CISC-ND-000100           | 0                   | 0              | 0               |
      | 734        | CISC-ND-000110           | 0                   | 0              | 0               |
      | 735        | CISC-ND-000120           | 0                   | 0              | 0               |
      | 736        | CISC-ND-000140           | 0                   | 0              | 0               |
      | 737        | CISC-ND-000150           | 0                   | 0              | 0               |
      | 738        | CISC-ND-000160           | 0                   | 0              | 0               |
      | 739        | CISC-ND-000210           | 0                   | 0              | 0               |
      | 741        | CISC-ND-000280           | 0                   | 0              | 0               |
      | 742        | CISC-ND-000290           | 0                   | 0              | 0               |
      | 743        | CISC-ND-000330           | 0                   | 0              | 0               |
      | 744        | CISC-ND-000380           | 0                   | 0              | 0               |
      | 745        | CISC-ND-000390           | 0                   | 0              | 0               |
      | 746        | CISC-ND-000460           | 0                   | 0              | 0               |
      | 747        | CISC-ND-000470           | 0                   | 0              | 0               |
      | 748        | CISC-ND-000490           | 0                   | 0              | 0               |
      | 750        | CISC-ND-000550           | 0                   | 0              | 0               |
      | 751        | CISC-ND-000570           | 0                   | 0              | 0               |
      | 752        | CISC-ND-000580           | 0                   | 0              | 0               |
      | 753        | CISC-ND-000590           | 0                   | 0              | 0               |
      | 754        | CISC-ND-000600           | 0                   | 0              | 0               |
      | 755        | CISC-ND-000610           | 0                   | 0              | 0               |
      | 756        | CISC-ND-000620           | 0                   | 0              | 0               |
      | 757        | CISC-ND-000720           | 0                   | 0              | 0               |
      | 758        | CISC-ND-000880           | 0                   | 0              | 0               |
      | 760        | CISC-ND-000980           | 0                   | 0              | 0               |
      | 761        | CISC-ND-001000           | 0                   | 0              | 0               |
      | 762        | CISC-ND-001030           | 0                   | 0              | 0               |
      | 765        | CISC-ND-001130           | 0                   | 0              | 0               |
      | 766        | CISC-ND-001150           | 0                   | 0              | 0               |
      | 767        | CISC-ND-001200           | 0                   | 0              | 0               |
      | 768        | CISC-ND-001210           | 0                   | 0              | 0               |
      | 770        | CISC-ND-001250           | 0                   | 0              | 0               |
      | 771        | CISC-ND-001260           | 0                   | 0              | 0               |
      | 772        | CISC-ND-001270           | 0                   | 0              | 0               |
      | 776        | CISC-ND-001370           | 0                   | 0              | 0               |
      | 777        | CISC-ND-001450           | 0                   | 0              | 0               |
      | 783        | CISC-RT-000090           | 0                   | 0              | 3               |
      | 784        | CISC-RT-000150           | 0                   | 0              | 3               |
      | 785        | CISC-RT-000160           | 0                   | 0              | 3               |
      | 786        | CISC-RT-000180           | 0                   | 0              | 3               |
      | 787        | CISC-RT-000200           | 0                   | 0              | 3               |
      | 788        | CISC-RT-000210           | 0                   | 0              | 3               |
      | 789        | CISC-RT-000220           | 0                   | 0              | 3               |
      | 790        | CISC-RT-000230           | 3                   | 3              | 0               |
      | 791        | CISC-RT-000240           | 3                   | 1              | 2               |
      | 792        | CISC-RT-000270           | 3                   | 3              | 0               |
      | 793        | CISC-RT-000350           | 3                   | 3              | 0               |
      | 794        | CISC-RT-000380           | 21                  | 3              | 0               |
      | 795        | CISC-RT-000660           | 0                   | 0              | 3               |
      | 796        | CISC-RT-000750           | 3                   | 3              | 0               |
      | 797        | CISC-RT-000800           | 0                   | 0              | 3               |
      | 798        | CISC-RT-000880           | 21                  | 3              | 0               |
      | 799        | CISC-RT-000890           | 0                   | 0              | 3               |
      | 800        | CISC-RT-000235           | 0                   | 0              | 3               |
      | 801        | CISC-RT-000236           | 0                   | 0              | 3               |
      | 802        | CISC-RT-000237           | 0                   | 0              | 3               |
      | 803        | CISC-RT-000391           | 0                   | 0              | 3               |
      | 804        | CISC-ND-000010           | 1                   | 1              | 2               |
      | 805        | CISC-ND-000090           | 3                   | 3              | 0               |
      | 806        | CISC-ND-000100           | 3                   | 3              | 0               |
      | 807        | CISC-ND-000110           | 3                   | 3              | 0               |
      | 808        | CISC-ND-000120           | 3                   | 3              | 0               |
      | 809        | CISC-ND-000140           | 1                   | 1              | 2               |
      | 810        | CISC-ND-000150           | 3                   | 3              | 0               |
      | 811        | CISC-ND-000160           | 3                   | 3              | 0               |
      | 812        | CISC-ND-000210           | 4                   | 3              | 0               |
      | 814        | CISC-ND-000280           | 3                   | 3              | 0               |
      | 815        | CISC-ND-000290           | 0                   | 0              | 3               |
      | 816        | CISC-ND-000330           | 3                   | 3              | 0               |
      | 817        | CISC-ND-000380           | 0                   | 0              | 3               |
      | 818        | CISC-ND-000390           | 0                   | 0              | 3               |
      | 819        | CISC-ND-000460           | 0                   | 0              | 3               |
      | 820        | CISC-ND-000470           | 3                   | 3              | 0               |
      | 821        | CISC-ND-000490           | 3                   | 3              | 0               |
      | 823        | CISC-ND-000550           | 3                   | 3              | 0               |
      | 824        | CISC-ND-000570           | 3                   | 3              | 0               |
      | 825        | CISC-ND-000580           | 3                   | 3              | 0               |
      | 826        | CISC-ND-000590           | 3                   | 3              | 0               |
      | 827        | CISC-ND-000600           | 3                   | 3              | 0               |
      | 828        | CISC-ND-000610           | 3                   | 3              | 0               |
      | 829        | CISC-ND-000620           | 4                   | 2              | 1               |
      | 830        | CISC-ND-000720           | 0                   | 0              | 3               |
      | 831        | CISC-ND-000880           | 3                   | 3              | 0               |
      | 833        | CISC-ND-000980           | 2                   | 2              | 1               |
      | 834        | CISC-ND-001000           | 3                   | 3              | 0               |
      | 835        | CISC-ND-001030           | 3                   | 3              | 0               |
      | 838        | CISC-ND-001130           | 0                   | 0              | 3               |
      | 839        | CISC-ND-001140           | 0                   | 0              | 3               |
      | 840        | CISC-ND-001150           | 3                   | 3              | 0               |
      | 841        | CISC-ND-001200           | 0                   | 0              | 3               |
      | 842        | CISC-ND-001210           | 0                   | 0              | 3               |
      | 844        | CISC-ND-001250           | 3                   | 3              | 0               |
      | 845        | CISC-ND-001260           | 3                   | 3              | 0               |
      | 846        | CISC-ND-001270           | 3                   | 3              | 0               |
      | 849        | CISC-ND-001370           | 7                   | 3              | 0               |
      | 850        | CISC-ND-001450           | 3                   | 3              | 0               |
      | 856        | CISC-RT-000090           | 0                   | 0              | 3               |
      | 857        | CISC-RT-000150           | 0                   | 0              | 3               |
      | 858        | CISC-RT-000160           | 0                   | 0              | 3               |
      | 859        | CISC-RT-000180           | 0                   | 0              | 3               |
      | 860        | CISC-RT-000200           | 0                   | 0              | 3               |
      | 861        | CISC-RT-000210           | 0                   | 0              | 3               |
      | 862        | CISC-RT-000220           | 0                   | 0              | 3               |
      | 863        | CISC-RT-000230           | 3                   | 3              | 0               |
      | 864        | CISC-RT-000240           | 3                   | 1              | 2               |
      | 865        | CISC-RT-000270           | 0                   | 0              | 3               |
      | 866        | CISC-RT-000350           | 3                   | 3              | 0               |
      | 867        | CISC-RT-000380           | 21                  | 3              | 0               |
      | 868        | CISC-RT-000470           | 4                   | 2              | 1               |
      | 869        | CISC-RT-000480           | 4                   | 2              | 1               |
      | 870        | CISC-RT-000490           | 7                   | 3              | 0               |
      | 871        | CISC-RT-000540           | 0                   | 0              | 3               |
      | 872        | CISC-RT-000550           | 4                   | 2              | 1               |
      | 873        | CISC-RT-000560           | 4                   | 2              | 1               |
      | 874        | CISC-RT-000570           | 4                   | 2              | 1               |
      | 875        | CISC-RT-000590           | 0                   | 0              | 3               |
      | 876        | CISC-RT-000600           | 2                   | 2              | 1               |
      | 877        | CISC-RT-000610           | 0                   | 0              | 3               |
      | 878        | CISC-RT-000620           | 3                   | 3              | 0               |
      | 879        | CISC-RT-000640           | 0                   | 0              | 3               |
      | 880        | CISC-RT-000660           | 0                   | 0              | 3               |
      | 881        | CISC-RT-000710           | 0                   | 0              | 3               |
      | 882        | CISC-RT-000720           | 0                   | 0              | 3               |
      | 883        | CISC-RT-000750           | 3                   | 3              | 0               |
      | 884        | CISC-RT-000800           | 0                   | 0              | 3               |
      | 885        | CISC-RT-000830           | 0                   | 0              | 3               |
      | 886        | CISC-RT-000840           | 0                   | 0              | 3               |
      | 887        | CISC-RT-000850           | 0                   | 0              | 3               |
      | 888        | CISC-RT-000880           | 3                   | 3              | 0               |
      | 889        | CISC-RT-000890           | 0                   | 0              | 3               |
      | 890        | CISC-RT-000910           | 0                   | 0              | 3               |
      | 891        | CISC-RT-000930           | 0                   | 0              | 3               |
      | 892        | CISC-RT-000940           | 0                   | 0              | 3               |
      | 893        | CISC-RT-000950           | 0                   | 0              | 3               |
      | 894        | CISC-RT-000391           | 0                   | 0              | 3               |
      | 895        | CISC-RT-000237           | 0                   | 0              | 3               |
      | 896        | CISC-RT-000236           | 0                   | 0              | 3               |
      | 897        | CISC-RT-000235           | 0                   | 0              | 3               |
      | 898        | CISC-RT-000580           | 0                   | 0              | 3               |
      | 899        | CISC-RT-000650           | 0                   | 0              | 3               |
      | 901        | CISC-RT-000235           | 0                   | 0              | 3               |
      | 902        | CISC-RT-000237           | 0                   | 0              | 3               |
      | 903        | CISC-RT-000391           | 0                   | 0              | 3               |
      | 904        | CISC-RT-000236           | 0                   | 0              | 3               |
      | 912        | CISC-ND-000100           | 0                   | 0              | 0               |
      | 914        | CISC-ND-000140           | 0                   | 0              | 0               |
      | 915        | CISC-ND-000280           | 0                   | 0              | 0               |
      | 916        | CISC-ND-000380           | 0                   | 0              | 0               |
      | 917        | CISC-ND-000390           | 0                   | 0              | 0               |
      | 918        | CISC-ND-000460           | 0                   | 0              | 0               |
      | 919        | CISC-ND-001210           | 0                   | 0              | 0               |
      | 920        | CISC-ND-001250           | 0                   | 0              | 0               |
      | 921        | CISC-ND-000090           | 0                   | 0              | 0               |
      | 922        | CISC-ND-000120           | 0                   | 0              | 0               |
      | 923        | CISC-ND-000210           | 0                   | 0              | 0               |
      | 925        | CISC-ND-000880           | 0                   | 0              | 0               |
      | 927        | CISC-ND-000550           | 0                   | 0              | 0               |
      | 928        | CISC-ND-000570           | 0                   | 0              | 0               |
      | 929        | CISC-ND-000580           | 0                   | 0              | 0               |
      | 930        | CISC-ND-000590           | 0                   | 0              | 0               |
      | 931        | CISC-ND-000620           | 0                   | 0              | 0               |
      | 932        | CISC-ND-000980           | 0                   | 0              | 0               |
      | 933        | CISC-ND-001130           | 0                   | 0              | 0               |
      | 934        | CISC-ND-001140           | 0                   | 0              | 0               |
      | 935        | CISC-ND-001150           | 0                   | 0              | 0               |
      | 936        | CISC-ND-001200           | 0                   | 0              | 0               |
      | 941        | CISC-ND-000110           | 0                   | 0              | 0               |
      | 942        | CISC-ND-000330           | 0                   | 0              | 0               |
      | 944        | CISC-RT-000560           | 4                   | 2              | 1               |
      | 945        | CISC-ND-001370           | 0                   | 0              | 0               |
      | 946        | CISC-ND-000470           | 0                   | 0              | 0               |
      | 947        | CISC-RT-000090           | 0                   | 0              | 3               |
      | 948        | CISC-ND-001030           | 0                   | 0              | 0               |
      | 950        | CISC-ND-001270           | 0                   | 0              | 0               |
      | 953        | CISC-ND-001260           | 0                   | 0              | 0               |
      | 954        | CISC-ND-001450           | 0                   | 0              | 0               |
      | 955        | CISC-ND-000720           | 0                   | 0              | 0               |
      | 956        | CISC-RT-000160           | 0                   | 0              | 3               |
      | 957        | CISC-RT-000200           | 0                   | 0              | 3               |
      | 958        | CISC-RT-000210           | 0                   | 0              | 3               |
      | 959        | CISC-RT-000240           | 3                   | 1              | 2               |
      | 960        | CISC-RT-000380           | 21                  | 3              | 0               |
      | 961        | CISC-ND-000600           | 0                   | 0              | 0               |
      | 962        | CISC-ND-000610           | 0                   | 0              | 0               |
      | 963        | CISC-RT-000180           | 0                   | 0              | 3               |
      | 964        | CISC-RT-000220           | 0                   | 0              | 3               |
      | 965        | CISC-RT-000230           | 3                   | 3              | 0               |
      | 966        | CISC-RT-000350           | 3                   | 3              | 0               |
      | 968        | CISC-RT-000550           | 4                   | 2              | 1               |
      | 969        | CISC-RT-000470           | 4                   | 2              | 1               |
      | 970        | CISC-RT-000480           | 4                   | 2              | 1               |
      | 971        | CISC-RT-000540           | 0                   | 0              | 3               |
      | 972        | CISC-RT-000620           | 3                   | 3              | 0               |
      | 973        | CISC-RT-000720           | 0                   | 0              | 3               |
      | 974        | CISC-RT-000710           | 0                   | 0              | 3               |
      | 975        | CISC-RT-000910           | 0                   | 0              | 3               |
      | 976        | CISC-RT-000640           | 0                   | 0              | 3               |
      | 977        | CISC-RT-000660           | 0                   | 0              | 3               |
      | 978        | CISC-RT-000940           | 0                   | 0              | 3               |
      | 979        | CISC-RT-000950           | 0                   | 0              | 3               |
      | 980        | CISC-L2-000140           | 0                   | 0              | 0               |
      | 981        | CISC-RT-000600           | 2                   | 2              | 1               |
      | 982        | CISC-ND-000150           | 0                   | 0              | 0               |
      | 983        | CISC-RT-000930           | 0                   | 0              | 3               |
      | 984        | CISC-RT-000270           | 0                   | 0              | 3               |
      | 986        | CISC-L2-000260           | 0                   | 0              | 0               |
      | 987        | CISC-L2-000130           | 0                   | 0              | 0               |
      | 988        | CISC-L2-000120           | 0                   | 0              | 0               |
      | 989        | CISC-L2-000090           | 0                   | 0              | 0               |
      | 990        | CISC-L2-000180           | 0                   | 0              | 0               |
      | 991        | CISC-L2-000150           | 0                   | 0              | 0               |
      | 992        | CISC-L2-000110           | 0                   | 0              | 0               |
      | 995        | CISC-L2-000200           | 0                   | 0              | 0               |
      | 996        | CISC-L2-000270           | 0                   | 0              | 0               |
      | 998        | CISC-RT-000570           | 4                   | 2              | 1               |
      | 999        | CISC-RT-000580           | 0                   | 0              | 3               |
      | 1000       | CISC-RT-000830           | 0                   | 0              | 3               |
      | 1001       | CISC-L2-000190           | 0                   | 0              | 0               |
      | 1002       | CISC-L2-000170           | 0                   | 0              | 0               |
      | 1003       | CISC-L2-000020           | 0                   | 0              | 0               |
      | 1004       | CISC-RT-000590           | 0                   | 0              | 3               |
      | 1005       | CISC-RT-000610           | 0                   | 0              | 3               |
      | 1006       | CISC-RT-000840           | 0                   | 0              | 3               |
      | 1007       | CISC-RT-000890           | 0                   | 0              | 3               |
      | 1008       | CISC-RT-000880           | 3                   | 3              | 0               |
      | 1009       | CISC-RT-000650           | 0                   | 0              | 3               |
      | 1010       | CISC-RT-000750           | 3                   | 3              | 0               |
      | 1011       | CISC-RT-000391           | 0                   | 0              | 3               |
      | 1012       | CISC-RT-000237           | 0                   | 0              | 3               |
      | 1013       | CISC-RT-000236           | 0                   | 0              | 3               |
      | 1014       | CISC-RT-000235           | 0                   | 0              | 3               |
      | 1016       | CISC-RT-000800           | 0                   | 0              | 3               |
      | 1017       | CISC-RT-000850           | 0                   | 0              | 3               |
      | 1018       | CISC-ND-000290           | 0                   | 0              | 0               |
      | 1019       | CISC-ND-000160           | 0                   | 0              | 0               |
      | 1020       | CISC-ND-000490           | 0                   | 0              | 0               |
      | 1022       | CISC-RT-000150           | 0                   | 0              | 3               |
      | 1023       | CISC-RT-000190           | 0                   | 0              | 3               |
      | 1024       | CISC-RT-000490           | 7                   | 3              | 0               |
      | 1025       | CISC-L2-000160           | 0                   | 0              | 0               |
      | 1026       | CISC-ND-001000           | 0                   | 0              | 0               |
      | 1051       | CASA-ND-000140           | 0                   | 0              | 1               |
      | 1052       | CASA-ND-000270           | 1                   | 1              | 0               |
      | 1053       | CASA-ND-000690           | 2                   | 1              | 0               |
      | 1054       | CASA-ND-000520           | 1                   | 1              | 0               |
      | 1055       | CASA-ND-000530           | 1                   | 1              | 0               |
      | 1056       | CASA-ND-000550           | 1                   | 1              | 0               |
      | 1057       | CASA-ND-000570           | 1                   | 1              | 0               |
      | 1058       | CASA-FW-000050           | 1                   | 1              | 0               |
      | 1060       | CASA-VN-000020           | 1                   | 1              | 0               |
      | 1061       | CASA-ND-000100           | 0                   | 0              | 1               |
      | 1062       | CASA-ND-000110           | 0                   | 0              | 1               |
      | 1063       | CASA-ND-000120           | 0                   | 0              | 1               |
      | 1064       | CASA-ND-000210           | 0                   | 0              | 1               |
      | 1065       | CASA-ND-000240           | 0                   | 0              | 1               |
      | 1066       | CASA-ND-000260           | 0                   | 0              | 1               |
      | 1067       | CASA-ND-000280           | 0                   | 0              | 1               |
      | 1068       | CASA-ND-000290           | 0                   | 0              | 1               |
      | 1069       | CASA-ND-000300           | 0                   | 0              | 1               |
      | 1070       | CASA-ND-000320           | 0                   | 0              | 1               |
      | 1071       | CASA-ND-000910           | 0                   | 0              | 1               |
      | 1072       | CASA-ND-000580           | 1                   | 1              | 0               |
      | 1073       | CASA-ND-000490           | 1                   | 1              | 0               |
      | 1074       | CASA-ND-000430           | 6                   | 1              | 0               |
      | 1075       | CASA-ND-000920           | 0                   | 0              | 1               |
      | 1076       | CASA-ND-000930           | 0                   | 0              | 1               |
      | 1077       | CASA-ND-000940           | 1                   | 1              | 0               |
      | 1078       | CASA-ND-001230           | 0                   | 0              | 1               |
      | 1079       | CASA-ND-001220           | 0                   | 0              | 1               |
      | 1080       | CASA-ND-001210           | 0                   | 0              | 1               |
      | 1081       | CASA-ND-001200           | 0                   | 0              | 1               |
      | 1082       | CASA-ND-000970           | 1                   | 1              | 0               |
      | 1083       | CASA-ND-001180           | 0                   | 0              | 1               |
      | 1084       | CASA-FW-000150           | 0                   | 0              | 1               |
      | 1085       | CASA-FW-000020           | 0                   | 0              | 1               |
      | 1086       | CASA-FW-000090           | 1                   | 1              | 0               |
      | 1087       | CASA-FW-000210           | 1                   | 1              | 0               |
      | 1088       | CASA-FW-000270           | 0                   | 0              | 1               |
      | 1089       | CASA-FW-000300           | 1                   | 1              | 0               |
      | 1090       | CASA-ND-000450           | 0                   | 0              | 1               |
      | 1091       | CASA-ND-001250           | 0                   | 0              | 1               |
      | 1092       | CASA-ND-001240           | 0                   | 0              | 1               |
      | 1093       | CASA-FW-000100           | 1                   | 1              | 0               |
      | 1094       | CASA-FW-000130           | 6                   | 1              | 0               |
      | 1095       | CASA-FW-000200           | 0                   | 0              | 1               |
      | 1096       | CASA-FW-000220           | 1                   | 1              | 0               |
      | 1097       | CASA-ND-001260           | 0                   | 0              | 1               |
      | 1098       | CASA-ND-001410           | 0                   | 0              | 1               |
      | 1099       | CASA-VN-000390           | 1                   | 1              | 0               |
      | 1100       | CASA-VN-000610           | 1                   | 1              | 0               |
      | 1101       | CASA-ND-001050           | 5                   | 1              | 0               |
      | 1102       | CASA-ND-001310           | 1                   | 1              | 0               |
      | 1103       | CASA-ND-001070           | 5                   | 1              | 0               |
      | 1104       | CASA-ND-000160           | 1                   | 1              | 0               |
      | 1105       | CASA-ND-001350           | 1                   | 1              | 0               |
      | 1106       | CASA-VN-000080           | 1                   | 1              | 0               |
      | 1107       | CASA-VN-000010           | 1                   | 1              | 0               |
      | 1108       | CASA-ND-001080           | 1                   | 1              | 0               |
      | 1109       | CASA-VN-000190           | 6                   | 1              | 0               |
      | 1110       | CASA-VN-000090           | 0                   | 0              | 1               |
      | 1111       | CASA-VN-000130           | 0                   | 0              | 1               |
      | 1112       | CASA-VN-000170           | 0                   | 0              | 1               |
      | 1113       | CASA-VN-000200           | 2                   | 1              | 0               |
      | 1114       | CASA-VN-000210           | 1                   | 1              | 0               |
      | 1115       | CASA-VN-000400           | 6                   | 1              | 0               |
      | 1116       | CASA-VN-000520           | 1                   | 1              | 0               |
      | 1117       | CASA-VN-000550           | 1                   | 1              | 0               |
      | 1118       | CASA-VN-000630           | 6                   | 1              | 0               |
      | 1119       | CASA-ND-001140           | 5                   | 1              | 0               |
      | 1120       | CASA-VN-000460           | 8                   | 1              | 0               |
      | 1121       | CASA-VN-000230           | 1                   | 1              | 0               |
      | 1122       | CASA-VN-000310           | 1                   | 1              | 0               |
      | 1123       | CASA-VN-000440           | 6                   | 1              | 0               |
      | 1124       | CASA-VN-000350           | 5                   | 1              | 0               |
      | 1125       | CASA-VN-000510           | 1                   | 1              | 0               |
      | 1126       | CASA-VN-000560           | 1                   | 1              | 0               |
      | 1127       | CASA-VN-000640           | 0                   | 0              | 1               |
      | 1128       | CASA-VN-000660           | 6                   | 1              | 0               |
      | 1129       | CASA-ND-000470           | 2                   | 1              | 0               |
      | 1130       | CASA-VN-000240           | 2                   | 1              | 0               |
      | 1131       | CASA-VN-000730           | 2                   | 1              | 0               |
      | 1132       | CASA-VN-000450           | 6                   | 1              | 0               |
      | 1133       | CASA-VN-000360           | 0                   | 0              | 1               |
      | 1134       | CASA-VN-000720           | 1                   | 1              | 0               |
      | 1135       | CASA-ND-001150           | 2                   | 1              | 0               |
      | 1136       | CASA-VN-000530           | 1                   | 1              | 0               |
      | 1137       | CASA-VN-000500           | 1                   | 1              | 0               |
      | 1138       | CASA-VN-000650           | 5                   | 1              | 0               |
      | 1139       | CASA-VN-000410           | 6                   | 1              | 0               |
      | 1140       | CASA-FW-000040           | 14                  | 1              | 0               |
      | 1145       | CASA-ND-000090           | 0                   | 0              | 1               |
      | 1317       | CISC-RT-000780           | 3                   | 3              | 0               |
      | 1318       | CISC-RT-000780           | 3                   | 3              | 0               |
      | 1319       | CISC-RT-000780           | 3                   | 3              | 0               |
      | 1320       | CISC-RT-000780           | 3                   | 3              | 0               |